---------  ----------  ----------  ----------  ----------  ----------  ----------  ----------  ----------  ----------  ---------  ----------  ---------  ----------  ----------  ----------  ----------  ----------  ---------  ----------  ----------  ---------  ----------  ----------  ---------  ----------  ----------  ---------
1          0.0891866   0.0451748   0.028341    0.0743648   0.0476264   0.0100934   0.0419964   0.0628948   0.0381184   0.0942559  0.0266217   0.0665474  0.0541815   0.0246247   0.0294785   0.0188558   0.0323582   0.0253852  0.0263883   0.0158545   0.0315302  0.0164673   0.0222648   0.0282757  0.0376543   0.0381539   0.0408753
0.0891866  1           0.0569696   0.0311129   0.174101    0.0773998   0.0246652   0.0496516   0.0640558   0.0497842   0.147943   0.0334314   0.0857285  0.0662325   0.018972    0.0305465   0.00676133  0.0257136   0.0511845  0.0201661   0.0154158   0.0385907  0.0151687   0.0186285   0.0342818  0.0296644   0.0314564   0.0425121
0.0451748  0.0569696   1           0.0109075   0.0711048   0.0764208   0.0093101   0.0210519   0.043233    0.0269766   0.122319   0.0791246   0.0623608  0.0372386   0.0103285   0.0104672   0.0118064   0.00965655  0.0181173  0.020152    0.0197986   0.0238611  0.0115981   0.0153123   0.0297359  0.0157019   0.0450918   0.0135514
0.028341   0.0311129   0.0109075   1           0.0340154   0.0189462   0.00886319  0.178352    0.0261337   0.0159725   0.0285142  0.0123195   0.0146861  0.0164782   0.00430624  0.0163341   0.00523914  0.0192328   0.0106138  0.0147207   0.0072417   0.0138122  0.00938913  0.00319986  0.011607   0.00943278  0.00889848  0.0119694
0.0743648  0.174101    0.0711048   0.0340154   1           0.0833293   0.0266396   0.0634647   0.0528451   0.0548479   0.160301   0.0334739   0.085039   0.0611978   0.0149411   0.0210655   0.00542772  0.0181118   0.0209873  0.0208729   0.0131187   0.0331417  0.0179344   0.0174712   0.0197318  0.019437    0.0219858   0.0348444
0.0476264  0.0773998   0.0764208   0.0189462   0.0833293   1           0.0181502   0.0380996   0.034431    0.0465102   0.2032     0.0390056   0.0526241  0.0447893   0.00716717  0.0256101   0.00487375  0.0264437   0.0600817  0.0343469   0.00966364  0.0126709  0.0125241   0.0505324   0.0351902  0.0249943   0.031859    0.0238851
0.0100934  0.0246652   0.0093101   0.00886319  0.0266396   0.0181502   1           0.0114446   0.0187516   0.0137874   0.0255666  0.0134813   0.0152847  0.0268766   0.00697054  0.0136937   0.00374282  0.0080604   0.017685   0.0121337   0.00639893  0.0074019  0.00718464  0.0145052   0.0136378  0.00741782  0.0103134   0.0102535
0.0419964  0.0496516   0.0210519   0.178352    0.0634647   0.0380996   0.0114446   1           0.0490644   0.024341    0.051943   0.0181253   0.0346346  0.032221    0.011705    0.0149125   0.00519314  0.0137272   0.0110175  0.0298016   0.0253353   0.0215767  0.00541804  0.00728472  0.0175804  0.0163118   0.0222152   0.0180888
0.0628948  0.0640558   0.043233    0.0261337   0.0528451   0.034431    0.0187516   0.0490644   1           0.043832    0.0893696  0.0446512   0.0534179  0.0825023   0.0119418   0.0484734   0.00643496  0.0200952   0.0218304  0.0247895   0.0122311   0.0607247  0.0187394   0.0261166   0.0201659  0.0306265   0.0225442   0.025977
0.0381184  0.0497842   0.0269766   0.0159725   0.0548479   0.0465102   0.0137874   0.024341    0.043832    1           0.0834398  0.0204679   0.0624221  0.0351078   0.0129723   0.00895723  0.00947014  0.0162438   0.0169047  0.0123601   0.0124685   0.0224459  0.00523351  0.0151727   0.0162304  0.0245287   0.0187793   0.0209932
0.0942559  0.147943    0.122319    0.0285142   0.160301    0.2032      0.0255666   0.051943    0.0893696   0.0834398   1          0.0471854   0.159094   0.117572    0.0266545   0.0356877   0.0435307   0.0399146   0.0374255  0.0285214   0.0258966   0.0427605  0.042123    0.0315269   0.0583543  0.0436898   0.058833    0.0469424
0.0266217  0.0334314   0.0791246   0.0123195   0.0334739   0.0390056   0.0134813   0.0181253   0.0446512   0.0204679   0.0471854  1           0.165167   0.0339219   0.0246621   0.0102385   0.00710461  0.0143716   0.0124489  0.0101238   0.00915776  0.0143531  0.0066936   0.0182823   0.0191054  0.0163458   0.0184833   0.0101954
0.0665474  0.0857285   0.0623608   0.0146861   0.085039    0.0526241   0.0152847   0.0346346   0.0534179   0.0624221   0.159094   0.165167    1          0.105019    0.0194382   0.0210441   0.0189638   0.0203832   0.0205837  0.209269    0.0142652   0.0358944  0.01895     0.0159443   0.0256047  0.0347972   0.0372478   0.0330655
0.0541815  0.0662325   0.0372386   0.0164782   0.0611978   0.0447893   0.0268766   0.032221    0.0825023   0.0351078   0.117572   0.0339219   0.105019   1           0.0122255   0.017522    0.00750474  0.0197543   0.0277228  0.0161221   0.00948981  0.0522689  0.00978703  0.011814    0.0195773  0.0304804   0.0279414   0.0359101
0.0246247  0.018972    0.0103285   0.00430624  0.0149411   0.00716717  0.00697054  0.011705    0.0119418   0.0129723   0.0266545  0.0246621   0.0194382  0.0122255   1           0.0366236   0.0105331   0.0261935   0.0228456  0.0381363   0.0621736   0.0266377  0.00896394  0.0209569   0.0303252  0.0338633   0.100236    0.0285065
0.0294785  0.0305465   0.0104672   0.0163341   0.0210655   0.0256101   0.0136937   0.0149125   0.0484734   0.00895723  0.0356877  0.0102385   0.0210441  0.017522    0.0366236   1           0.0142293   0.0237936   0.0343106  0.0572789   0.0904615   0.131016   0.00460594  0.0192975   0.0385921  0.0309945   0.0371848   0.0362949
0.0188558  0.00676133  0.0118064   0.00523914  0.00542772  0.00487375  0.00374282  0.00519314  0.00643496  0.00947014  0.0435307  0.00710461  0.0189638  0.00750474  0.0105331   0.0142293   1           0.0565847   0.0215862  0.0165063   0.0195082   0.0250154  0.0101124   0.00581721  0.0223979  0.0583429   0.0476246   0.0172126
0.0323582  0.0257136   0.00965655  0.0192328   0.0181118   0.0264437   0.0080604   0.0137272   0.0200952   0.0162438   0.0399146  0.0143716   0.0203832  0.0197543   0.0261935   0.0237936   0.0565847   1           0.0521475  0.0429047   0.061374    0.0238889  0.0261858   0.0219791   0.33302    0.093226    0.0470186   0.0568707
0.0253852  0.0511845   0.0181173   0.0106138   0.0209873   0.0600817   0.017685    0.0110175   0.0218304   0.0169047   0.0374255  0.0124489   0.0205837  0.0277228   0.0228456   0.0343106   0.0215862   0.0521475   1          0.0671956   0.0310784   0.100088   0.0131666   0.0842224   0.0465632  0.0366838   0.0567655   0.0492041
0.0263883  0.0201661   0.020152    0.0147207   0.0208729   0.0343469   0.0121337   0.0298016   0.0247895   0.0123601   0.0285214  0.0101238   0.209269   0.0161221   0.0381363   0.0572789   0.0165063   0.0429047   0.0671956  1           0.0104648   0.0229367  0.00724834  0.0805807   0.0252805  0.0273194   0.0333701   0.0246865
0.0158545  0.0154158   0.0197986   0.0072417   0.0131187   0.00966364  0.00639893  0.0253353   0.0122311   0.0124685   0.0258966  0.00915776  0.0142652  0.00948981  0.0621736   0.0904615   0.0195082   0.061374    0.0310784  0.0104648   1           0.0920923  0.0254813   0.017707    0.0388821  0.0489172   0.0850423   0.0317792
0.0315302  0.0385907   0.0238611   0.0138122   0.0331417   0.0126709   0.0074019   0.0215767   0.0607247   0.0224459   0.0427605  0.0143531   0.0358944  0.0522689   0.0266377   0.131016    0.0250154   0.0238889   0.100088   0.0229367   0.0920923   1          0.0185035   0.0191844   0.0401579  0.0319281   0.0373526   0.0499882
0.0164673  0.0151687   0.0115981   0.00938913  0.0179344   0.0125241   0.00718464  0.00541804  0.0187394   0.00523351  0.042123   0.0066936   0.01895    0.00978703  0.00896394  0.00460594  0.0101124   0.0261858   0.0131666  0.00724834  0.0254813   0.0185035  1           0.0125001   0.0218014  0.0214832   0.0472173   0.0198463
0.0222648  0.0186285   0.0153123   0.00319986  0.0174712   0.0505324   0.0145052   0.00728472  0.0261166   0.0151727   0.0315269  0.0182823   0.0159443  0.011814    0.0209569   0.0192975   0.00581721  0.0219791   0.0842224  0.0805807   0.017707    0.0191844  0.0125001   1           0.0402624  0.0293286   0.0325829   0.0336649
0.0282757  0.0342818   0.0297359   0.011607    0.0197318   0.0351902   0.0136378   0.0175804   0.0201659   0.0162304   0.0583543  0.0191054   0.0256047  0.0195773   0.0303252   0.0385921   0.0223979   0.33302     0.0465632  0.0252805   0.0388821   0.0401579  0.0218014   0.0402624   1          0.0568975   0.192443    0.0246534
0.0376543  0.0296644   0.0157019   0.00943278  0.019437    0.0249943   0.00741782  0.0163118   0.0306265   0.0245287   0.0436898  0.0163458   0.0347972  0.0304804   0.0338633   0.0309945   0.0583429   0.093226    0.0366838  0.0273194   0.0489172   0.0319281  0.0214832   0.0293286   0.0568975  1           0.0560272   0.0453204
0.0381539  0.0314564   0.0450918   0.00889848  0.0219858   0.031859    0.0103134   0.0222152   0.0225442   0.0187793   0.058833   0.0184833   0.0372478  0.0279414   0.100236    0.0371848   0.0476246   0.0470186   0.0567655  0.0333701   0.0850423   0.0373526  0.0472173   0.0325829   0.192443   0.0560272   1           0.0319308
0.0408753  0.0425121   0.0135514   0.0119694   0.0348444   0.0238851   0.0102535   0.0180888   0.025977    0.0209932   0.0469424  0.0101954   0.0330655  0.0359101   0.0285065   0.0362949   0.0172126   0.0568707   0.0492041  0.0246865   0.0317792   0.0499882  0.0198463   0.0336649   0.0246534  0.0453204   0.0319308   1
---------  ----------  ----------  ----------  ----------  ----------  ----------  ----------  ----------  ----------  ---------  ----------  ---------  ----------  ----------  ----------  ----------  ----------  ---------  ----------  ----------  ---------  ----------  ----------  ---------  ----------  ----------  ---------